2396
4574
8385
8711
5313
148
3742
8297
7707
6896
6345
4254
7913
7412
889
2848
5986
2787
2974
6338
758
624
5986
9486
4320
6473
3298
202
3832
6925
6640
549
1017
6771
3081
9845
1254
3610
7193
7129
7257
2809
5093
6797
968
4022
4545
5697
7684
1694
3744
7514
9874
2958
7193
4155
3121
2870
5002
750
7558
1433
7684
5119
5988
869
8882
8010
6587
7568
3704
3252
7447
6809
8487
5633
2658
4568
1751
5626
3800
4033
624
2538
636
1828
7532
9763
6897
3693
1136
1862
3362
3692
655
169
1211
3787
70
3453
6727
1727
967
2659
8115
872
108
8540
6772
6772
636
1650
1362
7926
4356
8377
2161
7794
174
4063
3613
3049
8882
7177
9159
6060
9073
5445
1650
4342
3610
9613
5666
1592
9019
7900
4155
5666
3620
445
1933
8492
8067
7473
1751
9101
7699
4593
6733
2946
541
6933
4576
9353
1359
418
6100
157
2792
7771
7258
5382
1570
6323
5824
163
1784
694
968
5499
6100
6869
7668
6852
1213
2081
1940
799
7503
9073
8924
3885
3119
3044
4907
1208
3513
9440
7009
7816
2544
3425
4760
4582
3680
6680
977
6657
1195
2954
878
4659
537
273
6231
4221
4240
1838
3786
283
4593
368
5161
3538
3715
731
4754
5337
544
5013
9144
523
9179
2161
6048
8565
3704
6096
4033
4317
7115
1828
5382
5337
4802
4582
1143
9031
9951
1242
3732
610
1608
7556
7875
688
2028
5572
9604
9564
2419
1851
6446
43
8881
6542
7029
7065
6598
5001
8633
4574
8311
6896
7698
9008
6446
5733
7514
8307
9335
6096
6194
8696
6404
7378
7586
9342
6223
2659
3959
7953
8434
790
5382
3982
9188
2674
6396
5843
2932
9535
970
3924
5216
5048
8039
4169
1768
1040
31
2571
1592
8181
1570
7682
2814
2162
2738
4960
1166
3473
428
1319
930
503
6490
9989
3473
3982
474
1242
2162
96
18
5954
2385
7845
674
8487
2962
6588
3692
6758
837
7319
9904
2909
4137
877
5768
3252
4287
1775
1247
6657
8177
6242
6060
2322
4907
3513
4320
7947
4961
7599
9493
1166
9122
4969
9444
9019
6295
6168
7133
398
6285
1526
9358
557
7682
2022
4266
6504
4155
8013
1727
4737
3170
1258
6758
797
2011
2639
7052
2138
5690
1225
3331
7528
2853
9833
1366
7224
4041
864
5888
5119
5053
8115
9307
2721
9307
2075
4738
4522
9878
3549
2036
5079
763
5133
4518
8697
8578
6202
6687
35
8693
8888
2508
7029
1671
1032
5590
9672
9007
7868
6101
7771
9356
206
5013
4859
1687
9023
7303
6400
5344
8212
1247
196
5339
2995
8954
837
3865
7845
7099
878
884
2014
265
2610
3321
7505
4176
9189
1319
5887
506
4310
1319
9279
31
3473
6474
5048
554
2396
2909
8578
8487
2247
3328
8440
6175
9840
7129
3425
4545
8493
4137
5340
6860
8693
4011
3734
2499
6638
6842
206
7576
5215
1077
9597
3545
8301
3047
6482
3181
9663
7682
330
8377
7875
541
6974
6620
4640
7365
2589
777
487
9868
9989
5499
3973
1722
9144
5697
9987
9440
7816
7215
8737
6295
8033
2029
3497
8040
1330
9566
2368
3473
7192
9188
9395
1254
4111
5572
901
8737
2014
9833
3958
8481
7052
1402
7271
2042
1258
9380
6049
8711
3617
2403
49
7499
9435
7351
6665
429
1799
2932
3328
8810
8412
6616
2608
4356
5757
2342
9380
4740
3874
7009
5598
6869
6772
2414
1168
7237
8647
2042
5690
2094
2434
3159
1260
4398
8067
2974
2330
4069
1050
3613
1770
6527
445
6869
1143
2368
5988
574
3052
202
8507
4575
6422
4889
2546
8898
9535
9666
3538
5526
2814
2138
5924
6771
4960
908
273
4522
3017
7224
5954
5668
6918
2746
2017
5613
7426
8553
4889
4033
2995
2011
7192
636
2396
3402
2012
7499
9631
3742
7926
2407
2024
8881
8115
6030
3786
610
7940
7919
1242
1831
8141
8316
6587
7579
3885
6542
7847
2760
2048
3367
3446
5976
5358
6435
394
6030
5753
9011
2039
6175
694
655
5260
6771
750
2578
5255
1677
6196
2017
790
3586
5986
7999
3787
6100
623
7333
7045
1835
3832
8323
80
6590
1588
5367
3446
4661
5164
6677
6992
4230
1010
3609
106
6446
6548
6992
1433
9725
3617
9307
9358
1324
6242
997
1775
4553
4867
6400
4760
4091
5954
3344
2029
6100
6064
3147
7376
5154
7668
106
4342
5633
2589
4582
2406
5690
61
8311
445
1366
2962
6891
9613
8377
8888
8307
3252
4442
3280
6261
2787
5727
4863
5971
5407
4739
9033
9010
3959
9508
3379
7259
7106
7587
202
7325
6616
8881
8590
1592
4764
7110
5282
6858
6657
3613
5232
1050
9577
4116
1162
2162
5189
9160
2957
157
3331
1035
9774
9993
8590
169
8177
6458
7282
4056
3665
2036
2854
2485
4126
8205
2123
8805
5424
9983
3667
9444
7505
1010
544
6495
8371
3190
428
5696
5232
531
203
476
5976
1803
4310
5924
244
7731
9653
864
2217
3958
8546
7099
9460
3586
6680
3885
6732
6638
6088
9840
2333
4593
3571
9565
7781
5563
1933
7795
2013
3865
5988
3627
2659
8647
8770
141
5424
16
9663
8067
246
163
5053
7853
1689
9992
2674
5154
8040
9342
229
2292
7887
342
6842
989
4069
7373
680
4759
2081
1867
2011
4803
4317
8777
3113
487
6809
3613
4902
1851
9391
3730
3667
4678
1211
6598
4349
6456
5117
5255
6382
9904
6323
270
1366
4545
3331
3017
6261
7241
2416
8173
1716
764
7213
8434
1174
4033
2126
5184
6896
3959
1869
9460
6987
7403
2385
3170
549
7283
4030
6088
5549
8366
6819
6587
4151
3860
7319
9678
5663
61
5861
3296
6987
6697
7435
3689
7676
4030
1989
7295
3190
4821
8507
2292
714
8214
6094
4442
7110
1548
5418
5013
1788
1689
3446
3852
9993
1235
1803
9120
8141
8507
4069
7412
1528
9989
7913
7403
7435
4453
7552
9493
6764
2957
6758
9613
6088
4310
2610
537
2840
6458
6723
8141
7710
7224
2593
6235
1869
5993
4119
6429
3328
1674
2352
2513
5153
872
1768
4576
3951
557
4531
7435
2396
455
8882
2523
4553
7435
1484
6382
7009
4551
8810
3680
5969
1851
159
9848
4453
3252
7845
7115
2396
872
2957
2760
8924
4126
1674
5681
2649
977
77
4867
1194
9758
7049
4063
8026
9380
8495
2962
4103
8631
1330
6242
2787
7099
244
1568
1526
6587
5499
9867
243
1174
1835
3716
3872
3081
1225
2017
5340
6231
6490
6400
9307
9136
1168
2276
3786
4737
169
4660
833
7668
1667
773
2523
9103
7259
8769
6338
9592
2824
8565
907
763
7794
7957
9493
6530
4472
35
9452
6012
3854
9575
1099
3399
3113
1254
4428
4545
5679
3609
1803
8366
2094
8636
623
7599
5008
2407
3680
5851
9452
1775
7722
3873
9758
7676
2608
9600
4531
9617
1365
5535
3453
9846
1061
3331
4398
4015
4708
9867
1099
6548
7771
1552
222
9725
3832
8890
3113
31
16
6088
6231
9820
2482
6766
8285
3280
7224
5585
6404
4080
2368
923
4522
2276
511
5945
2367
6896
9575
970
4111
688
1727
7045
9803
8995
2578
6261
1526
4660
8995
6860
8444
9188
8633
2578
7568
3689
2799
3864
9868
7259
8177
7682
7698
6843
1548
6891
610
4637
7237
7200
7990
1722
1198
7700
6852
1869
1359
554
1247
2416
1677
6504
70
7333
1366
8776
7624
3832
8995
2748
655
9103
9805
2758
4041
1788
5865
4398
1729
9758
7552
8805
6252
159
3147
8693
1838
9993
5681
773
1068
174
1236
177
9159
7406
503
2809
110
7889
6554
3296
6578
270
1010
6858
3339
1588
977
8777
4080
1365
3463
3632
1099
289
5340
2659
5633
4666
6925
5883
1725
8697
8696
4155
4133
7129
1077
2743
1377
1867
3453
9634
6869
3860
7039
7853
6382
9881
2022
9837
3344
1377
1148
8492
3440
9917
629
1933
2997
2162
5993
872
3402
3328
283
6569
222
2036
1070
968
479
979
7282
8696
6495
2194
9356
1235
9878
9763
750
721
6261
4576
731
8371
6287
9564
4632
4377
4907
8323
1046
8936
4119
2758
2312
7667
2330
5940
5987
8769
9121
6590
6408
1884
8540
2017
4138
6345
6622
8141
2544
7351
1211
5679
6030
9144
4497
3854
7887
3473
8939
4317
2024
6614
3787
273
7969
8486
968
3156
1806
3463
3620
3716
7168
797
6381
9179
700
6860
1319
3692
7177
4317
2276
624
6680
7896
41
6590
467
7795
3093
3453
7645
7569
1869
8181
4254
4908
3484
1040
9566
3213
8427
3434
6366
6309
5307
574
4650
1831
7403
7913
4546
6427
429
3497
6329
6429
1174
1247
3924
996
9868
4056
6809
6933
3402
9279
806
1515
7781
7844
7200
754
6564
8141
148
554
2674
4650
2674
1032
8711
9819
7435
9444
8711
9358
8580
2051
9004
3340
3462
4333
3408
5209
9033
636
5872
8936
3655
6055
864
7699
2576
8451
5000
1104
2854
8200
5821
6174
366
6955
7676
4754
9810
3500
1751
3147
8854
9011
9555
4137
6323
9335
5986
3463
4575
6542
3734
2746
5954
3571
390
8537
3572
7667
2292
4266
3559
7676
7586
5048
3784
7177
6261
9737
9307
9613
5341
1366
819
9840
6382
6446
1570
174
8088
2674
3704
8323
3425
9071
8769
6772
1106
1035
8283
8067
5388
8214
2659
141
7800
3617
6174
7957
7888
1949
6530
878
6174
3916
6060
8434
8889
8070
3632
4065
6107
3874
3800
4747
4453
5525
2792
4867
3081
1552
3924
1195
6381
5013
4116
763
6925
6012
5714
8770
2606
1377
7505
6858
2533
206
4063
1484
3367
8154
4961
8088
7844
7956
9982
2659
1175
6400
479
2292
3252
5757
4333
7699
2126
1674
1708
8769
4342
3340
41
8483
6055
7258
3721
2932
2208
390
174
7471
6194
5119
688
3557
6295
3860
7568
4925
6175
5706
2499
9661
7365
8487
872
2854
3500
5259
4659
6235
7
467
1568
4151
4033
979
9639
3434
1222
5499
554
6727
1425
5268
9845
3765
4225
3406
541
9768
4967
9049
7224
7106
4967
1831
5786
1933
4472
2608
4915
7099
240
4394
9395
1799
9335
4637
5445
5969
2368
6323
7115
9358
7845
1886
8033
9644
1242
8769
466
9037
9639
7652
9358
4420
3958
7993
4969
518
9837
2746
1362
989
7503
5727
9538
3902
2208
270
8888
3874
7259
8618
5993
7667
5535
428
8492
6819
4867
9931
2024
9666
7586
2787
3388
4836
2403
3028
3500
9820
2048
6381
1010
9432
2962
6789
9992
5232
445
7282
35
9895
1174
8492
1227
7844
5098
7177
4777
8696
7552
2704
1149
2263
8041
7710
4684
9444
3873
2312
3586
8026
3339
3549
511
762
1851
864
8630
5861
6550
2012
3280
7847
4011
8181
8524
9071
1402
9750
8546
4759
5388
1402
511
5153
4433
3661
6685
8464
6933
3434
9049
7036
2797
5259
5890
7472
2022
8898
5526
5681
7808
7558
5757
7036
8200
3716
624
7503
3721
6620
8537
2954
6145
3545
4661
5988
2523
750
9509
3462
6685
2312
8033
546
9404
7
1674
2680
5079
9833
7676
9395
6088
5382
5753
9122
6231
283
6992
1478
7406
968
3832
2958
6060
6550
3500
9160
777
4770
6852
2576
7257
6194
7115
5888
4787
4041
2145
1484
9989
4575
5986
6657
9008
1828
7603
6616
9750
9460
2499
9101
8824
368
2704
7373
7943
1077
2799
2161
989
9989
1471
1548
8874
4377
7943
6933
754
8010
1570
8954
8565
4151
8769
1088
967
1299
9073
2594
3742
5549
9565
5969
4109
273
1835
967
7684
148
967
3044
8210
5445
1689
6527
7110
4320
5460
7568
5407
8464
6518
1674
4320
7913
674
7403
1708
6006
8338
3139
6194
6286
2202
6323
1211
206
9160
5141
5978
2075
5185
7990
3742
3028
9123
5165
2594
5976
2248
9337
4925
9452
4048
1236
8697
9493
3296
1235
7452
289
1490
2020
2732
4103
3260
4908
2959
5786
5013
7125
7452
541
2852
1208
1677
7836
9833
3610
6556
4420
3879
5306
9395
1425
2094
9564
9600
7707
7106
3147
8487
9845
222
8590
7257
819
1608
7258
4650
2161
7795
1867
2815
6231
148
987
4442
7800
9931
5491
5512
833
1195
8630
5339
2957
1136
8810
1198
7426
5945
3885
8810
8451
549
1547
325
674
7258
2922
7698
7029
8434
3609
925
7033
6064
6554
5117
2020
2419
6591
8041
7800
7978
6542
1252
6107
3241
5232
5843
4650
3326
5189
7802
7052
163
9037
9486
9206
3119
4069
7926
8427
2681
7771
5598
1831
8173
5589
2276
7993
9530
2538
7588
6992
4460
1392
4132
3620
6444
3322
9159
5727
5580
4428
5079
2414
4333
9644
9878
500
970
6570
6992
7990
7045
1330
7319
3406
3686
4241
878
6955
6758
325
3252
3402
3545
3754
3885
110
4320
506
4961
3253
8285
6723
7781
3513
7957
3446
584
5681
1017
996
6964
1674
8205
429
4116
5035
1725
549
5053
7943
3812
2576
6235
7283
9878
6242
7365
5117
851
1198
2758
7257
8576
6473
9486
4080
6968
6852
5991
9879
6964
8412
5557
2352
1330
655
6675
1788
3800
680
1768
8795
6550
455
9818
2312
5344
6187
6174
5119
7237
16
1032
2499
5635
3446
1775
9121
1694
3196
7679
1096
3689
2145
7771
3742
1552
5215
5339
1989
5339
5133
6504
1867
6012
663
4011
7586
6474
2333
8795
5786
4056
8154
1505
4802
2024
9989
3566
6542
3017
7010
5232
7333
4531
6249
2799
8404
9661
2292
9023
390
8576
265
7569
8897
7378
1035
3959
7009
5666
7215
75
467
584
3982
1570
6764
39
8578
7999
7676
1433
5157
2482
4421
2721
5893
5851
4063
9820
836
5988
5549
9950
3412
925
1359
2544
7887
1518
2576
8693
9497
9019
7919
3112
2036
5589
2392
8040
5445
4241
8647
5434
8376
4748
9380
9922
8576
4698
7193
2012
3891
6381
9530
1055
2865
6249
5969
8067
1687
7258
8881
9103
3721
5598
9663
7406
2544
3500
8433
3667
6237
3121
7106
1608
5351
4251
1494
7645
1548
5575
7282
1884
4442
1694
3358
4349
5499
7795
63
5753
4518
5647
1775
9566
6252
8181
487
3610
6638
8890
7137
537
1768
6870
5307
4597
368
2011
7499
7667
7406
6235
9346
49
5367
2499
2865
6096
2352
4764
1365
6712
368
6620
1471
2946
1365
7215
5340
4637
5460
6685
5053
5585
8427
9867
5865
5929
4063
8633
1050
2746
5976
3170
6527
202
5945
7900
8647
7039
4747
5255
9358
8162
6202
5512
108
3436
487
9992
9530
5282
273
7406
8205
1722
6590
3885
9093
9123
1342
3388
3754
7273
7894
9073
6598
500
7426
6598
9279
5344
9356
181
4454
1647
1017
8711
3213
169
3519
9575
8937
1582
819
9444
8770
6852
8141
6789
5313
3549
9774
8715
2571
9273
5805
968
2217
554
40
4240
1478
7645
2419
9819
1166
2953
5557
4627
3982
4103
5753
4065
2760
3626
196
3661
7668
7949
2081
884
3704
1260
5445
7314
16
9037
2372
3627
3331
7115
4080
8480
1835
806
7109
8696
2263
6223
8565
5157
2958
6684
6923
9491
3116
5046
5445
1593
1365
2372
4659
1689
732
9592
2870
9752
680
7351
9993
6764
7926
4867
3139
6843
1725
5590
9803
7257
9144
9342
9663
7957
5215
4759
7215
9451
4113
5589
9353
1515
878
6764
655
2263
6569
5576
2593
9627
9144
256
390
6554
541
3856
2081
5153
1667
2342
9317
7106
9122
3680
2748
4033
3170
141
1195
5491
1068
5690
6030
2248
5986
1136
5460
3571
837
6446
3613
9874
3047
5001
9493
8995
9538
7569
2959
5184
6771
4111
3139
869
2931
3566
7168
9144
4364
467
6474
9002
1448
869
4398
9763
864
5382
544
6638
1677
5434
6179
3139
5491
9144
2538
8013
1236
1689
3139
574
3454
4739
9188
7267
7599
6590
5893
9294
1677
6772
2014
9714
9993
5727
9678
2594
773
4889
9189
1195
1806
4759
9592
1143
9763
4173
1851
5236
8630
3339
2974
6040
9103
38
3873
5861
3116
7761
860
5557
7133
754
2194
7698
7190
8881
9987
6175
2248
4859
229
9136
4320
2574
5189
6323
9666
1136
1258
3080
873
6060
3484
7731
3784
8770
4956
7969
6548
6548
9440
2123
5481
1106
932
61
7816
1099
1593
3425
5216
3545
6504
7836
2126
6712
680
6479
887
2639
9613
8805
1835
9701
8173
1366
4069
2239
4821
8338
4705
2909
557
9639
5650
819
9071
2909
3721
6224
7829
833
7351
7761
4576
9895
8323
1951
3686
9819
7301
9037
714
5635
3667
3119
8212
1372
554
3734
7360
8937
3419
8301
3113
4794
1867
6764
5491
7556
7378
3754
5635
455
3081
368
4133
7009
3047
6378
6179
1448
1867
8033
9019
3402
3873
4948
8924
1236
7351
8540
9044
9279
1722
6891
6766
4640
2922
6381
2396
5890
1588
5189
3538
1032
9023
6231
2544
4048
1768
8824
2583
2017
3982
2593
2959
6955
1828
6905
4889
4682
2932
9897
7177
3481
5512
506
5589
8693
4925
3453
7984
6174
5367
731
2884
1330
3692
3608
7667
2416
7913
9008
977
7200
8590
4216
9033
7888
7193
159
688
3571
8249
778
4287
5216
7259
467
2482
8440
8323
721
9460
7282
6843
429
7435
7930
7192
5048
9523
5697
6300
1402
4065
5851
837
5103
9535
8033
7993
8154
2003
1979
31
70
1148
4356
4740
9878
6030
1924
7558
9395
2123
1803
5585
1552
1727
6843
108
5209
428
7993
2909
7794
2330
1838
428
9206
148
6429
5557
5865
3856
6403
5427
4033
5119
1472
9002
557
6466
8770
1195
7969
8175
1548
5157
6468
6842
1884
7271
6382
7148
6096
1098
8578
6295
202
700
41
7943
1265
8697
3572
7836
3513
8412
8451
299
7919
5445
7532
2907
2533
997
970
348
8111
4440
5757
1342
3856
289
9796
5714
996
3608
4760
7894
2789
6665
5991
7283
2508
694
5189
6622
901
7009
7191
9052
6429
5046
163
2513
3328
537
7039
3121
6482
4287
1010
9932
2161
8417
5988
1048
8795
851
6657
5205
9750
9535
7770
4964
3044
4630
5988
967
6235
3331
9353
5681
7115
5307
8200
7191
4103
9597
4754
8578
2792
9037
5666
987
5528
4069
1979
7052
6096
2029
2792
9273
4119
1989
8323
6286
531
5786
3566
7926
4119
8737
2574
9678
986
6064
4138
5001
1425
8546
1838
1106
1471
6712
4317
7365
6620
2126
6497
9011
9950
4576
192
4740
3840
9395
2974
4684
6210
2995
9491
8371
7588
2012
6107
9774
2815
418
6925
5209
1478
9538
6055
1247
3190
3399
9398
283
2544
6223
8936
4433
7993
9538
2385
5424
5184
7919
2123
2658
8565
9805
3837
3296
6175
9460
562
1359
4682
4518
8711
4377
2578
4640
5924
1068
1174
2946
2022
2194
1148
7036
1099
4892
5153
2012
4740
1136
4740
6139
31
5727
8722
541
4589
6587
6842
8366
1547
2854
8026
1252
6482
2876
3116
960
6964
5154
6525
1235
987
4759
3865
721
8647
2342
5993
2995
8486
3754
8480
4802
1689
901
2884
2907
7794
674
9120
6096
3686
2846
2011
1377
4574
674
2333
9642
5580
3441
5945
7473
5598
1068
8366
2608
1285
9575
5215
5716
5679
273
7532
731
7682
8205
9188
4364
3344
3446
8890
9874
1838
7888
8795
1185
6202
1032
2111
7314
5339
7845
7900
8770
8316
5407
9774
6622
837
531
3686
700
4637
3119
6712
9931
1208
5460
9188
9446
2368
7894
1055
3837
3987
7731
6869
2846
2876
8777
2535
3959
9642
6588
1099
5165
6819
7599
2984
5358
6096
9460
4240
6588
3425
1828
6764
1208
6495
273
2932
2305
7990
5438
5635
8795
1588
4111
4065
8582
5815
5299
5407
4103
4173
8412
1242
680
4041
3721
2814
4964
9486
9775
3328
7514
8696
9103
2551
6527
8527
9663
5216
5666
6852
70
3632
7045
4964
4221
3030
6257
3156
8427
3627
2368
1687
9387
8464
4440
9440
7552
1593
1751
8285
9524
6446
2292
1254
6771
5259
6140
9895
1708
2455
2639
9983
6896
5072
3929
9007
4310
2576
1098
6329
1506
1570
7900
8914
5184
2248
3854
4428
6891
2414
2208
1933
8173
6771
3322
5313
5872
2787
7888
6957
8824
3462
4133
4356
797
9317
3742
8307
6588
7267
3680
8033
1225
8540
6345
1198
864
7919
4575
5753
8026
6261
5890
2787
6554
3113
2721
206
2962
2865
3121
148
7041
8481
273
2194
5815
7283
8349
7106
6396
9122
159
2094
9206
5988
9093
3873
1788
6096
7999
5824
8292
6858
1484
5351
2333
6622
1979
8495
3627
3744
7999
3617
1010
6064
6897
9486
9440
35
5079
6945
5572
6329
5890
9758
6168
3367
4137
5690
9273
5681
806
6569
7110
5079
6396
8452
4859
1260
6815
8010
7473
9010
4420
2589
9011
770
4553
8890
6194
7168
500
3571
8711
7707
5255
7990
6174
6657
106
7532
5993
1667
8013
3549
8141
9134
3559
2659
4133
7271
8040
9103
8205
5549
9833
4665
869
3566
449
3657
1940
2638
8067
2020
3119
9007
7499
694
2574
5843
3080
3453
2372
2594
2352
1940
1260
4349
9093
6495
8495
8026
9508
8067
833
196
265
2020
1478
8630
5824
7586
7360
4960
6482
5679
7137
7761
1768
8033
4522
108
5306
9750
9820
3932
5103
6727
4056
7365
4018
9183
9317
7173
5445
8181
5117
7099
7378
222
2995
5924
6547
2610
2594
3241
763
4173
936
8307
7645
3494
9666
7645
7781
1568
9019
7259
762
3280
7314
4151
2368
2533
4011
7010
511
6842
1828
4964
405
1208
7404
8769
1330
5209
3060
163
4907
901
7847
1247
2248
2508
3296
2145
1312
2638
2865
7452
368
5269
4030
989
3239
3885
6764
5341
6842
8217
750
8820
5313
7283
6257
1352
1788
9737
2574
4960
5557
5714
4747
4575
1716
2013
531
8939
819
9342
1252
2574
7569
1650
1505
3080
174
3837
2954
1336
3213
8034
1677
777
6733
1077
9750
8882
1592
1106
8316
830
2075
923
5481
1258
5282
2619
762
2075
7698
8040
884
7241
8936
7351
7588
6891
9663
9023
6787
1765
4925
3632
4333
9987
6687
7816
9335
6984
3028
6323
8995
8200
3500
8464
763
3832
1650
7125
8697
6242
5165
6697
2535
5988
2014
9886
9639
3800
3280
3340
2250
714
1362
9845
5976
7853
5046
970
1106
1515
4925
5012
7847
4377
6550
5890
108
3406
2508
7818
3566
8808
9577
5991
9728
1746
1694
8013
2721
7290
1708
6012
8808
5690
2572
8440
9992
3113
9101
2946
2455
3754
6766
2017
7360
7426
2799
8697
7259
714
8486
8540
7802
8026
2572
4736
1174
9318
5145
5716
9206
1242
3716
6429
5129
8217
6202
2674
9435
7272
5103
1854
6345
2248
3497
6295
5313
2571
8154
2957
5924
5666
3081
7505
4342
3473
2145
7137
2594
273
1933
6620
5307
479
7148
8540
3047
6665
8217
1552
4576
4287
6598
4173
3028
8301
6869
8495
429
3441
7237
418
5824
4908
445
1608
7258
1211
7698
5358
1166
700
5679
777
2760
4254
8217
1711
2974
7190
4764
8949
6252
9642
2870
6925
9037
4907
229
6858
5119
3313
6174
2639
4440
7853
3412
2024
3322
9837
8428
5035
8115
6680
9342
4030
9565
9530
5692
16
2161
762
9535
5690
1661
2162
9868
8492
2482
3080
790
9071
4967
7668
3754
4030
6665
8824
7556
8313
108
7222
9435
1727
8366
8325
909
4794
3412
157
2809
7978
2312
1979
7845
6766
2403
6809
7140
731
2541
4173
9758
8939
7283
9863
5358
3358
7403
9455
4497
9
3613
7168
851
9250
2407
3632
1989
3406
2814
2854
9434
3296
1055
1933
6139
3402
3958
4138
8810
506
368
4048
3402
9307
1650
3525
5337
3617
8247
6933
531
6812
837
1722
6156
7887
5048
5491
8715
4821
1077
1359
1799
4240
7191
721
7847
6468
6723
1869
8668
7140
8888
4650
7829
4934
3559
8629
2385
6202
9950
9273
2407
5465
7941
1979
3017
4551
4421
4764
8486
9642
325
2578
6049
4133
9356
5872
2372
9899
5528
3837
8629
6687
9571
8041
7888
428
6907
7829
2017
410
5549
61
3047
445
5528
3419
3999
6107
7844
5843
7011
9750
3632
3362
6295
5268
3916
2123
7793
562
694
4738
2510
289
7351
3462
7532
3060
1330
9491
2372
6202
562
31
7109
6482
7009
4111
5843
5714
9206
2876
4969
5878
9535
4576
2011
5460
6530
3784
4522
1592
688
6697
6398
6685
1606
3852
6638
3704
3060
5046
8954
1979
8540
6474
2639
2870
9007
1806
5888
8582
2809
5920
4132
2145
9440
7999
9585
1002
3344
7426
3156
5696
3754
6100
3388
1055
193
764
989
3453
7700
8805
833
8540
5
2633
6758
3734
202
265
6196
3367
864
5872
5407
2276
7919
4760
9639
7953
5969
7707
7645
9033
5549
2216
5984
196
8285
8367
1040
4369
6587
3434
5367
7818
9917
1174
4659
8301
2760
2865
6196
610
3340
503
2094
6490
819
7125
7875
7802
7710
1035
492
9136
762
7503
8013
3832
4593
9508
1547
7267
862
3108
9566
4119
6733
8510
6473
1208
1722
8807
3213
1746
6998
4551
4754
8285
3545
110
7926
5340
9011
6194
1593
2610
8073
5986
3113
9493
9803
4030
7781
1334
6295
915
5991
674
4960
864
1674
5885
2533
7200
1166
7503
7875
8901
7271
1098
8323
4132
6687
9444
721
8492
8316
8630
429
7010
3657
8696
9122
8805
1505
7215
9175
5351
229
3786
4650
4011
3626
7271
4958
3170
2292
8214
8375
1650
3116
8550
7505
9121
6291
6220
7800
9353
8932
851
8486
8427
5307
3689
9917
2870
7947
674
2649
8412
5976
5103
8769
2574
9751
8937
6789
2603
4349
9033
2419
5382
6396
4961
9867
3044
1548
2596
1258
8427
5307
3347
9007
4241
7125
8338
4091
731
2578
8417
1035
3586
1667
9672
1592
715
9575
7200
1235
5399
8711
4593
9279
8991
3497
4518
7267
342
7668
8480
4698
2455
7473
7148
3213
31
7099
557
9093
9535
1828
7412
7699
8630
6175
2959
7905
5367
1867
2915
6012
8890
1484
8888
2013
1552
2403
3322
7193
6030
8316
5481
7943
4908
3856
1304
9634
574
4740
8770
7794
6665
2748
5589
6366
4682
884
6685
5209
2022
1049
5716
4168
4637
7185
8882
8693
5215
970
9049
557
4802
764
7969
544
5344
6657
7271
6444
7999
3399
7190
2799
2909
8629
750
3252
549
5861
2962
3116
2208
6564
5382
9987
7148
1835
229
8451
5434
7158
6231
2145
6333
3958
7707
3434
9530
7781
8590
7282
6345
4961
4907
5382
2552
4453
3832
3500
174
3885
3538
6224
3044
7237
7543
9805
4377
5119
869
9833
8493
3786
9592
2721
869
1505
7241
6400
67
6727
8371
5512
159
3116
2020
77
6550
4454
6458
5590
2546
1933
2020
6616
3322
7802
1198
6231
8433
9577
4582
7568
4967
7106
3190
4132
2974
8010
2385
5367
6403
4333
6435
7452
7472
6175
3572
4553
8922
4030
1650
9763
492
4155
5991
5697
4295
9565
8440
1040
3441
2900
8481
479
9566
7707
7466
3419
4889
7473
9725
6598
7556
9610
1211
5499
2809
3462
7731
1055
1166
5001
5035
8434
2649
1526
3856
9491
1568
2571
7378
5585
2704
4433
9577
2416
8040
3822
3545
3434
3425
4853
7953
3837
8715
7403
7045
2513
6012
4550
2292
3572
3147
4317
5945
3399
6235
6578
5954
9317
8114
9878
8630
1725
5837
3919
418
932
6252
2208
1168
2333
9874
6444
6446
1478
8451
244
1099
7676
6629
3837
7978
1478
9071
6771
9931
2787
283
7900
6504
3657
3812
6252
5157
9159
8717
6237
8301
7990
9183
6378
531
141
7168
5189
3924
8795
9868
3860
5585
6257
5337
2959
4063
9803
6897
4421
4340
5851
3425
110
2538
3500
1824
764
8954
3280
6987
636
4698
3716
9159
157
8737
5154
9093
2342
7727
7267
368
6400
1547
5969
7192
4159
6564
3358
4660
1778
3657
6687
8852
2081
7853
5407
6616
7277
9123
8211
2013
6495
9586
4821
7208
5969
4091
5157
4377
2123
7947
3415
4747
3119
5585
6257
9678
1869
2194
6578
4373
159
4597
2499
6629
2094
7466
8492
6295
8127
3147
4969
6987
3680
6049
2263
7266
5341
2097
8200
6019
5103
3879
1806
996
5535
6201
1362
2416
6286
5786
6435
1989
7731
6569
4575
4660
9307
624
8481
2544
2865
9093
2020
9737
6772
8433
9617
5589
9493
6680
4522
3412
4431
7978
7283
4518
7360
7360
851
418
3159
1588
6482
6564
2853
7193
5000
932
5185
2446
7684
7045
8578
1570
2036
5861
6504
3358
7493
9737
4509
2075
3463
9592
2482
2368
8582
7710
4364
925
671
108
9983
624
5598
9895
4137
9395
5157
2639
4472
6804
9874
6468
4435
8737
8562
3513
7045
2681
7472
8417
3328
6723
7771
4438
3586
3873
584
8366
4063
987
2048
3704
1377
8013
5843
5268
3360
8205
8673
2455
4065
7314
6554
9917
4453
9335
2778
5268
4660
5505
7969
492
6527
8214
8795
4738
4661
674
1729
2194
9011
2814
500
6237
3271
4787
6987
584
7829
8582
8550
7406
3362
1068
9805
9002
4126
6055
6508
9979
8901
7868
3958
9007
3497
2451
5000
4660
9010
6100
8537
5013
7283
6237
9493
5259
9819
8307
2576
3484
6723
358
3873
7699
7241
9352
6598
8936
9188
6168
4342
283
3322
511
1716
9904
750
6458
2962
1425
1099
8040
8486
8366
3689
6107
5589
9904
754
6869
6381
4063
749
2704
6587
8924
8936
6194
6223
9993
7029
8810
7237
5815
8540
997
806
3874
9992
2455
7503
8088
3339
2814
6964
6987
2081
6396
6329
8311
5727
5255
1775
4698
4287
9071
7830
8937
4739
5969
1547
539
8058
833
2513
833
7556
6680
1568
4398
3657
2954
3667
8582
3139
7365
2145
1746
6409
9011
6429
5681
1406
7503
6616
1729
872
35
1729
9833
2414
9644
4133
5580
8882
9803
5259
5525
8338
629
9179
7319
8205
2042
9645
2867
9917
9577
77
467
8902
1225
6891
2029
3424
1055
6179
7684
6897
2403
9666
5358
5046
2011
7682
3441
6564
2610
878
8481
7808
8939
9678
5153
9093
7781
4764
4859
9931
2546
3266
5991
8685
3263
3388
7495
8301
7836
9678
289
4433
1989
6242
8954
1050
6378
206
2342
1319
8486
3626
9049
1722
3017
7435
3213
5216
688
4659
4421
9725
2455
2746
9566
6588
6842
2608
9845
7099
1055
1910
2123
7115
1258
1606
5117
5048
1851
6429
9049
1254
4787
4961
6588
3388
2367
5192
4048
254
4428
5633
2385
6012
9600
1136
1035
270
8667
6860
6613
7215
5697
5716
7894
4640
9564
8205
4420
3873
3192
1035
2416
9763
4568
2372
9440
979
6168
7257
3081
554
1017
2954
1722
4221
6107
1768
989
9774
5681
7913
5861
1628
731
7466
1588
4454
9983
9120
6249
8068
3627
4133
4151
6697
8154
837
2670
8695
932
1689
3484
2075
390
837
7845
229
6758
106
280
7137
8590
7948
4964
2721
506
5893
5232
4442
3610
1362
7177
7259
8507
6987
5545
6614
8374
4568
2546
6139
6404
4867
3784
1568
8212
8939
6992
3734
4794
8285
4760
8340
4960
8493
7282
4739
3347
7215
7771
169
9672
9011
3549
6482
3692
3610
2482
2814
2748
3388
4011
503
721
9002
7969
7499
6049
479
4033
4420
8777
6249
1746
4056
9183
9353
5340
6548
8181
6860
9950
777
2263
1620
6933
9007
9895
5549
7350
3812
8480
7853
5690
9010
3667
4738
8924
6235
6378
4821
797
8464
7237
7110
1547
6955
1940
2535
1395
9983
4738
8311
2541
5001
3402
4574
7115
9867
2981
9750
3545
1260
3081
6404
455
6638
6548
4551
5666
3419
8434
8901
202
222
3982
6490
455
342
9819
2312
5344
2508
7699
5526
7556
797
428
694
9279
5388
7036
5901
9380
4433
8200
2419
7771
5986
4137
1106
4568
1242
2508
1775
1548
4241
9565
6638
7894
4889
1765
1478
4737
6224
1515
9101
8133
4310
8550
610
5893
9335
9353
36
511
1526
9565
4682
8546
7499
8937
5976
9335
7888
3572
8212
9273
8427
3462
9840
487
7676
3812
7568
106
2854
5424
7943
7029
506
837
7558
169
3879
4576
7844
235
5824
7403
1162
1279
3344
5358
1746
8888
6055
7716
390
7818
5954
5535
9950
2799
1677
9019
2638
7586
6174
9452
2013
3996
3686
7052
4048
8412
2946
6047
6495
4593
3463
4964
7700
8301
967
7800
1077
3627
4907
7599
500
4661
9380
7148
5633
5046
773
5557
2649
2482
2263
4497
7409
4682
8824
7583
2289
9987
4103
2416
3241
7761
3572
2520
9530
8115
1989
7075
31
3060
574
1289
3657
9508
6622
996
3538
1402
1208
5535
283
4345
5212
1799
5282
7645
3716
8882
3680
4821
5424
5061
3017
7412
6869
1010
4796
1806
3190
7109
7969
9243
6614
503
325
3837
2367
4582
6435
7845
790
2229
70
9805
5815
9899
9950
174
5481
9820
3545
1708
4361
9597
8693
7829
1851
7267
3855
3812
2884
7514
2195
6223
4661
9642
6527
9904
7664
1522
8214
9600
7591
9273
7818
3473
3367
1716
5388
3656
7588
4497
2162
1727
629
7257
8212
5184
8737
1996
8041
325
7125
9049
7190
1242
110
5491
467
7794
4531
977
70
9123
1505
3344
1765
9931
4787
16
5535
562
4531
1552
8311
2745
4132
2126
4310
8901
5557
3513
7466
2954
6237
4069
2946
8323
5905
2946
833
8493
997
3559
1017
9207
9356
5598
2608
7452
562
1319
4235
932
8662
7351
840
1098
5815
9144
3259
6490
797
9008
7177
5572
7887
41
188
9672
3538
1526
5424
9758
1926
2792
5491
6064
6622
2787
6223
6495
3787
7953
9758
3156
1803
9160
3721
2538
7215
4969
3513
9508
3689
4333
5633
3784
1019
7894
2042
9837
35
4433
6685
9666
5000
3028
3406
8507
9307
777
2208
8995
1198
5424
2760
3784
6366
314
2860
7569
9577
4819
4364
2946
3339
4518
49
8898
2922
7010
9538
5013
8937
7505
3406
4377
9642
9609
5184
16
9146
2162
970
1068
9678
8770
4065
2276
763
1339
4964
5259
511
5255
9661
2161
5460
764
4661
9073
7168
2372
5341
3484
5268
623
174
3860
4739
4119
5969
6444
8777
6249
5865
5635
901
1162
8777
9273
2396
5512
3837
979
925
8338
7378
1806
1674
9299
5043
8546
9049
3627
8808
7699
4821
1211
6329
6685
5756
2544
1694
9344
49
793
764
5313
8565
9564
1433
5851
7282
8770
2792
8173
2145
2546
1750
9672
1068
3626
9672
7808
6530
1017
8088
2610
1640
5993
2574
8507
1436
270
6727
2603
4540
7192
5344
8726
7106
7818
5666
6964
2523
4221
7947
6858
3924
4453
325
7957
6179
987
1933
541
2572
6554
8493
2217
5338
655
2414
6550
8576
7129
7452
2161
9189
5499
3190
629
3879
4091
9514
2576
4867
9878
9600
6179
7999
7258
5580
1788
2681
754
2138
2758
4349
4287
714
5351
6614
7943
7836
2758
754
159
721
6474
4116
1260
270
3786
4960
5035
6403
3680
5341
997
6064
8550
3959
7953
3446
4065
1678
9644
4553
4119
3113
6858
4597
4582
6139
7999
3441
7039
9955
8480
8682
9179
2248
3817
4967
9380
7184
1362
9917
6616
9774
584
7875
2552
2799
8882
2884
9584
5757
8440
6064
7816
9895
1505
8214
4794
479
3453
4138
8433
6629
41
7710
5000
884
4056
8908
7993
9435
2799
6891
7373
8546
5890
6242
1708
3559
9634
8795
2380
1526
2029
2815
5355
3661
8937
7412
2396
2029
222
2704
5154
6202
8693
6764
3800
8901
4551
6064
5250
7283
4132
2649
7514
1803
9613
2403
1166
1803
773
9189
9460
2603
790
2974
3744
7900
7271
989
6490
7586
8427
5189
9666
2750
3879
8576
7993
7318
4684
7137
2853
6554
6257
744
5232
6588
5388
7586
5824
7569
2870
7969
3632
4531
2884
222
9805
2760
932
3367
3147
6237
4859
618
9575
8890
561
7771
7109
5697
9073
6223
8492
4346
2276
4582
4461
2815
9895
342
3892
4794
7844
9837
2762
4967
4889
6614
3704
1208
2649
5572
9639
3626
9983
1077
9617
4967
3916
1174
6435
9566
7957
1788
7505
4138
3545
1593
4173
9023
455
700
1148
5579
325
1425
2342
1269
6891
1198
9179
1515
9644
764
106
5991
2792
5282
6030
4011
7140
9577
3854
8026
5460
5585
8954
3060
2013
6404
5165
5185
3497
2814
6378
5388
4116
7010
2123
8901
7133
8995
1471
3626
3285
7599
3812
6897
3684
5306
6767
8480
8245
244
2385
6758
923
1765
7200
5888
7133
883
4472
9356
157
7700
5757
9819
4266
3620
7426
3362
7844
3347
4124
9597
6628
3170
5525
4961
9987
7241
5000
7586
7800
6852
901
6809
7684
3721
1716
3362
9356
8417
4568
5688
3678
2959
1727
8898
8629
5216
6697
3358
6847
5351
7847
5815
1225
8954
3613
4737
202
7052
4553
244
8217
1799
7148
9663
6564
1606
8026
8217
8808
3017
2535
6869
6382
8901
923
2414
3080
8629
9564
7888
3170
4364
3959
5434
9136
6629
7503
16
4048
2758
5306
7794
5001
3156
2603
3902
9737
7452
9886
1254
6329
9600
2367
4137
4737
4637
1831
8481
6588
7978
5786
4091
3924
4739
8451
6550
584
5549
5119
2222
9570
3657
6194
7052
8537
9179
4288
9183
4640
3916
9880
9868
3786
2959
3744
2513
2870
9774
2639
270
4342
9693
5337
7029
6261
8737
6587
2932
9019
6772
6403
1143
6366
7360
9592
4011
3060
1729
987
6992
5590
6527
8550
6564
6168
6955
7333
9179
3880
3116
2957
2352
4137
1242
9904
9845
5888
4126
2523
9987
1689
5344
9993
3484
5255
4551
5872
4747
7808
4497
6530
1606
2013
5853
3519
1722
624
8590
3344
2959
3519
7568
7731
7993
882
9159
6766
8010
9037
4739
6490
7125
3362
1319
2523
5341
2815
9073
2748
6727
9002
1835
8181
4241
3716
5133
7569
2608
6381
2414
997
1402
1505
1888
9037
8307
1254
1098
2704
7435
2162
2513
6620
6614
3661
3787
1342
5679
3500
1593
6196
4640
9737
1478
8578
2330
2907
1835
5697
9144
1102
5400
3610
4155
3328
8417
3399
1148
1751
623
1751
1606
7990
3221
6987
1040
1848
2419
920
8898
2552
549
4593
6733
5824
2194
4155
537
1235
4048
9194
5154
4593
3252
1236
7894
2846
49
2760
7710
9617
2533
4754
6569
624
5079
1979
2876
4428
6468
8285
9342
9452
7611
4551
7532
5185
6955
4240
4041
3566
694
2572
5824
8995
7761
1588
6685
4126
604
5976
7978
731
6858
8433
884
7990
3678
8824
106
3661
7588
1478
3856
8033
851
7
8026
5474
5865
3296
4889
3371
8345
4241
8629
584
9435
3787
7045
8633
2681
6712
5549
3958
6403
2138
763
4421
2958
9592
932
3620
9508
3081
4740
9435
5008
2333
700
8810
5696
1164
9122
8417
3119
7947
1940
6809
6100
6665
629
9904
6622
2552
8038
9993
5084
2792
408
6219
610
8480
8924
4221
2535
6925
4877
2126
3213
3519
9950
3139
1236
7503
5367
8737
3721
2123
4821
8495
8565
3852
9183
4349
6404
9189
2995
342
5589
4398
9490
6789
1570
8010
206
1751
2638
9435
7552
4964
6598
7599
2538
3626
7919
6473
8154
3800
157
8898
3865
9895
3252
7129
6088
2995
7552
5035
6548
4582
9444
9353
1940
4832
7
5358
2922
6345
4925
8590
5558
3916
6403
9597
9444
6925
9011
7039
3678
5407
4964
6693
6378
1319
3497
5189
7795
8576
6504
4925
6925
390
9989
2574
5153
5679
1677
3241
7698
2853
5165
1831
3613
3924
3879
2748
265
9189
790
3852
4859
2022
3107
6249
1515
9340
7588
3367
923
4310
996
6578
8067
8769
4080
5594
9837
6396
7808
7514
4056
4349
9033
9440
2658
8456
4907
8715
8088
1017
1694
3484
8377
9886
7969
5635
9698
6381
70
5382
9136
7193
6530
4779
7868
8041
3572
9183
3362
6842
2576
2022
7966
8316
368
3610
1143
2746
1162
7900
4221
1884
6598
61
8323
790
418
5268
1484
8217
2217
3923
9763
9356
9758
7556
7360
7667
7314
6657
2909
2589
4597
5133
3852
77
503
8688
3879
4241
3358
2897
6329
2419
7473
777
714
202
8433
8088
700
5008
5893
1806
7037
3497
5215
4356
2854
2610
5633
5079
7532
9452
1831
7378
3154
8362
6548
6382
5337
4138
3559
4001
7177
6366
3596
9356
3412
4082
1694
4739
3657
4551
901
2722
6590
5053
2932
2932
4132
6468
9123
9103
4545
5391
4221
49
5635
8795
2194
4065
2263
6629
5945
4364
8937
6429
3453
1297
7373
159
2541
3044
4377
2674
5716
7667
8115
2024
2013
3609
5351
9160
4151
6977
7403
6896
3874
6107
342
8924
9342
9395
1035
7999
2014
4342
7795
8311
7036
9008
7110
1727
2681
5133
3608
5001
4041
7668
2036
3692
6616
3874
8777
7177
5521
2846
7192
6771
4454
4287
8493
1869
7099
3159
9121
8537
6252
3865
9983
7125
6088
5341
797
3461
6620
4241
3434
4574
6378
9508
3742
2455
923
7558
9508
9867
3742
3296
4925
6179
2593
5714
1694
997
6231
7282
8088
6542
5580
8550
5481
8480
4738
1471
7818
5765
4356
5872
5786
2342
3017
6914
700
2533
8464
4650
9444
2330
7148
4428
4355
157
9037
1799
562
8616
6697
511
967
8805
1254
5048
764
9335
7707
3829
1708
4545
1884
9577
8633
6139
6789
2538
1040
35
7373
1448
584
5154
6831
6237
3579
7239
7947
7159
3661
6444
5851
479
1362
8067
7466
4908
6527
1950
8088
5282
9917
5525
3800
5890
7707
2330
1077
3627
2853
923
5924
688
325
2846
5865
8177
3241
544
8181
9672
8371
8487
6396
4759
4760
9002
4797
2217
8464
1788
4195
1042
4287
2029
6897
623
7818
8434
5525
2874
1729
8380
6224
1359
9460
5851
4126
4967
5165
119
9725
2815
6329
3441
9123
4737
4764
2552
6252
8881
9121
2194
2572
4440
7373
6789
7200
6139
283
6843
5890
5590
2135
6323
1727
7943
8417
3347
5633
8481
6992
7514
7473
9750
7645
7808
2541
4240
2535
3362
1098
819
4266
8451
5133
7129
9895
2656
7200
777
7875
110
5388
1552
329
106
6049
9840
1136
2145
6435
2482
2792
5865
5339
9538
8487
4597
3170
4575
7684
5499
3609
4333
4553
2020
3686
851
4754
6235
6196
4660
3716
9120
1568
6852
7190
7365
9317
5053
1471
1211
6435
8217
9899
4442
7698
5133
3402
4453
5215
9188
2541
8425
6564
3513
1037
6458
4908
2385
1098
7599
5209
506
2593
806
7258
5557
1148
2094
721
4333
8434
2208
3121
9050
4420
987
7787
7836
7795
4576
1402
5008
5557
6587
5035
3686
7052
9666
9666
7
9136
2876
3156
265
9075
2809
6257
8481
4597
8495
6891
5888
777
8647
3665
8805
4472
688
7919
1547
7800
6088
6733
5890
5189
2571
1337
7140
7168
4698
6139
8486
265
4867
2571
7010
6723
4506
4764
7953
5165
6638
3916
2669
1979
6504
1725
1592
6766
9817
4682
2367
3156
9206
3667
500
2638
5337
7435
3860
1608
325
3704
1708
8493
7556
754
9019
8492
2342
4266
9395
3331
6345
2024
3787
9491
1588
1526
7816
3280
1247
4080
2138
8486
8805
8141
1050
5232
7947
5861
1433
4391
3852
4684
7645
1940
1831
4103
3473
764
4497
390
6939
2508
3959
1687
3661
492
2589
9159
2535
655
9992
6712
6468
6473
9183
7319
968
9008
531
6897
2499
6196
3744
6819
7124
1765
1608
9010
7137
8537
6665
2482
141
5727
629
5945
5481
6175
4428
3602
4138
3538
9564
5893
106
5580
3139
169
4545
3519
3620
159
1032
2546
6614
9869
6257
7682
5572
2513
7913
977
5460
7926
5367
8582
3626
2603
5124
2330
3609
3742
9313
8777
6550
3586
3397
3080
3388
1366
7168
9317
8371
7565
4637
4091
970
3484
935
4684
1667
9661
5154
8495
6404
429
1402
4442
549
6435
1055
9785
1258
1606
492
9766
1377
1696
1342
2399
6179
3475
1109
3028
3874
6590
213
4151
1148
2907
7913
1799
9353
8041
6400
9642
7514
7191
4553
8010
4967
3399
7505
7
3412
3744
2293
6366
3331
5037
2014
5696
2407
8417
3156
4119
4440
7129
3854
1423
4349
9597
7192
2012
6723
41
6444
636
3985
7140
9592
6852
2589
3692
169
503
3159
768
5185
1526
148
923
4320
9803
1408
762
5528
4472
3241
5013
4342
445
4942
1211
4051
2638
3608
2748
7140
754
5696
9805
503
5597
8040
3689
2367
7099
7731
9120
9634
9725
9672
2610
2922
8115
1330
901
4794
4111
9273
3902
1099
8400
4551
3902
2958
1471
3388
5215
2658
2407
5585
7466
3728
9136
610
2974
1050
1547
1606
2865
5133
3425
4440
9886
90
7978
2704
6504
7569
9049
6060
2746
6378
7795
1236
1568
8939
7868
3854
9101
9160
4240
3446
8154
9101
9993
8590
6403
5351
6772
5246
7684
4661
8434
7568
6758
6697
9538
6224
623
8480
4317
2593
6286
1198
7588
7887
6490
4514
9803
2012
9307
7050
9564
4545
4545
8888
3916
3832
9899
8371
2943
1252
5111
3571
1342
61
4969
5991
1608
541
3419
7472
9160
3412
7913
2649
1667
4151
77
3116
7109
2636
5872
4145
4254
6590
3190
7599
6636
4978
7110
9010
2450
4889
8495
4740
1054
967
5893
1677
4310
9530
1606
3675
8975
680
8311
3680
9931
5993
4137
7354
6809
3328
5865
7137
6723
3856
3784
2639
1471
1729
342
6249
110
933
3924
6843
3113
996
1402
9639
5924
7552
6403
4476
4908
2352
762
3651
9414
7314
9007
5035
1867
5851
283
8881
7299
8777
9206
4356
2523
3159
8582
1667
1143
4266
6603
16
1100
4650
6473
9691
5681
2029
503
9561
1236
1547
5697
7802
4557
3665
7844
487
5157
3902
7558
5753
6578
1342
1751
8924
7333
2909
2593
7200
5340
4737
2048
8898
700
9008
3212
9600
9820
8217
8824
5313
5184
9692
7319
6468
2057
6987
5215
4155
9342
3716
5000
9805
4317
1650
111
77
3434
3860
3159
9867
5255
5460
5954
6473
5001
6618
7888
7010
1050
2998
4069
655
1768
2541
2594
8200
7365
6611
4146
8715
2974
6338
8537
3812
1342
7412
544
3028
2547
3473
3275
3916
5888
206
9644
2107
7875
8633
6786
8285
9435
9917
9049
8890
196
6843
3080
6697
7190
9819
4333
7036
9040
5512
8440
35
5008
5424
5976
7710
2011
2352
7426
342
8212
9486
3213
884
9159
674
9160
9886
487
5753
8347
3678
8307
1979
1366
9874
557
2865
8377
7168
3340
2208
6843
979
3435
8715
445
5358
9899
2593
6708
4173
731
596
5185
1195
5185
7710
2962
7682
6629
5666
8371
6317
3047
4240
9820
8495
9010
8794
1032
1365
3362
6446
9597
3241
467
2248
7802
2884
6049
7373
4011
8273
9803
9917
4575
3139
6396
3412
9803
7148
4650
9613
2954
6100
8163
4684
8128
4698
4917
3734
6345
8371
1828
4468
5103
2809
7365
2815
2594
9010
6055
9763
5598
7676
8715
4221
6789
8697
6049
3339
8088
6687
1569
1168
7148
6335
1448
7900
8901
1806
1168
5806
4041
3608
9491
3809
7700
2130
6444
4442
6378
6928
2610
7499
5590
3528
1851
2571
9899
289
2048
5282
2578
2541
1359
8697
5152
8338
5337
7847
9028
7333
3060
1384
4033
730
3081
5407
6400
4640
8005
6842
4531
418
4574
7215
5307
3734
8808
4421
7133
4048
6614
7333
7406
8537
1746
9642
1098
8808
4908
6338
6224
4969
9634
7499
270
9120
7847
4080
2312
7926
3549
6661
3156
3854
1433
3613
3367
6933
8881
1162
7140
869
1851
110
2658
4531
2036
2946
270
3513
3044
1143
9120
6516
8440
7373
8451
8377
7005
6444
6345
2552
7808
6474
8177
2416
7957
7936
4356
7412
773
4103
9845
9886
8550
9206
537
5716
511
6338
4747
8546
3406
2578
4056
5103
3686
6286
1448
3665
4684
3895
5259
1362
289
8507
1168
7472
9724
2022
2608
7319
5572
2879
2538
2907
1040
4574
5157
1252
9904
4420
1397
2572
9840
7953
5954
8493
9575
3190
4116
1050
4518
1597
9023
562
9121
49
2276
9122
4126
8805
5644
5525
5843
3047
342
9820
584
2536
2957
2681
2853
8205
5436
3756
5598
7241
1557
196
2508
3519
7894
6680
3856
3787
8010
7588
4734
3879
2260
1136
9899
365
5133
2523
3121
8040
492
9206
9845
3916
6458
7036
8546
3340
4943
5351
9121
5153
997
4065
5714
1484
3344
2437
9934
3586
754
6955
1040
1687
1106
5512
5716
8939
9530
6616
3899
6366
4737
3347
4240
6964
6111
3942
6789
6542
7036
2870
3852
2541
2138
9992
2552
901
574
4138
9317
5525
506
2649
7258
1252
6237
9538
3678
1168
6295
9188
4518
6412
5168
2681
4091
6223
7847
1448
1235
6382
9868
9681
9159
1592
6687
8272
6049
562
8711
8377
9328
1765
3296
7926
9868
1425
7700
3696
506
5344
7953
2853
3865
1484
3927
5528
5157
8212
5727
4048
428
6100
7558
6764
1195
3692
1515
7802
8576
3559
6569
6338
6657
6527
3549
7802
6733
4522
7472
4531
7781
9445
878
8173
8412
5696
6088
5924
1366
6622
3549
3241
5209
5991
3538
8284
763
6012
7224
1505
3080
1570
6338
9661
6860
479
6060
1083
2639
2809
7193
7795
3322
8629
5481
1162
5340
3331
5268
1765
2094
3657
6712
4116
3721
3280
2659
4133
9678
5048
3812
1788
3959
4754
7267
6235
9931
6473
3930
3860
6925
9867
9121
623
6468
3028
3678
7224
6416
7140
9003
5491
5035
3044
8954
6482
6578
4802
8115
1667
3620
5491
8464
1365
6168
2787
7241
3058
222
196
8696
6964
7887
7009
5434
499
714
3865
2115
9597
2572
9634
1258
2499
4364
6490
7853
8481
7452
1989
6323
1650
2574
7387
1835
4794
8488
5861
7192
2333
7241
3632
2048
4568
694
9566
925
6252
1725
2342
4320
5434
1365
2263
6766
4867
7439
9639
5445
3120
6819
3347
8440
148
8890
9878
7894
5259
9648
3462
7110
49
8629
9908
4261
1433
5572
2048
5815
8550
1515
7588
8307
3658
7140
2312
9758
3190
3497
9342
7836
8697
8901
6381
5117
3982
492
6060
7191
7224
6542
2292
3170
3667
7552
614
174
5753
7267
3902
8647
2075
2721
9491
8154
1608
7406
217
797
157
7853
623
9565
8301
806
7473
244
5716
7039
6727
884
6473
1606
2909
3877
7133
925
9073
9317
2546
9617
6530
4781
3754
3293
6955
8181
9002
5589
3551
6179
544
6564
5872
6772
1799
1746
3280
4133
487
4684
4080
7192
9440
2815
7110
5526
1869
8537
2907
9122
6474
6482
7781
7532
4111
3744
3358
4682
9358
1252
3617
2134
4659
5753
2649
418
5590
2533
5079
2118
8582
3047
1687
2958
6495
1548
2455
3339
8285
7816
2333
3902
1884
244
3367
7684
1106
6286
9950
7700
1425
5697
5727
4684
6055
7
2012
4421
244
4453
2659
5222
925
4132
8808
7191
6338
4420
7237
762
4041
8440
1687
3199
5679
1035
8824
977
6286
2853
4116
6766
5893
6596
8115
1725
445
3865
229
9661
9989
4349
7129
4787
6727
1198
1768
8936
4759
6964
5388
9600
7378
3854
4116
537
6789
4241
108
8633
3419
9435
3665
6723
7470
977
2036
3310
9899
574
6629
5053
5313
9840
5843
4433
537
5307
6590
7314
8808
884
3800
2815
5053
5823
8565
9380
9867
9886
3982
229
6202
163
8212
5585
1838
2552
1803
3856
7360
1040
2589
2957
1751
549
7836
220
2959
6152
3620
8937
2572
5185
7039
5184
4453
1162
4754
8693
487
2042
819
5153
6588
2995
1716
773
9121
2036
7472
562
1330
4103
7789
2922
265
8433
1716
2674
2546
6168
1725
554
8338
2884
9493
1548
9577
7412
3339
6396
5339
5590
789
2029
2603
6242
9763
7667
2884
1838
4568
3462
1010
7845
5954
3837
3519
6860
6843
6223
4960
4287
9123
61
5079
4764
541
1708
7505
3852
6139
8405
2971
3419
3347
9617
4497
2958
8507
6809
2638
1838
7191
9837
3307
4266
3784
8200
8338
4760
4244
8578
4574
3678
4440
979
2958
9033
6819
9491
2248
7953
7083
229
7472
2922
9634
9819
4472
878
6897
3463
851
1471
1716
4173
1260
3609
1484
2075
7373
4119
5598
1608
7557
6896
4428
4454
8433
979
5165
2407
7532
2367
5255
7109
7039
8639
3178
5259
9183
8366
1867
2419
9486
851
5008
3608
8898
7816
3060
3617
2721
2168
9987
1287
3982
2854
3787
9023
7710
714
5216
5119
2414
9093
3412
7052
4377
6366
996
8882
2020
6168
5337
2608
9644
7993
7868
2208
7700
2589
5153
9737
7800
2024
3678
6012
8372
9617
9820
2352
4597
9101
9380
4416
7556
7698
41
3121
7887
4454
8377
8013
351
967
9565
7412
3812
1017
4266
1260
7137
3047
1425
6257
833
3854
3484
7794
6458
1575
2121
4454
1425
2333
5209
4254
4660
9725
544
5535
5716
629
9390
9317
987
3028
3874
9833
8582
5339
3441
7699
7137
9565
3340
2535
8954
806
3665
1252
41
667
1268
4398
5993
4454
9840
6404
2922
4597
4056
2704
3121
7919
2544
7761
8033
8423
6174
7829
4698
2603
148
3665
141
3689
9101
479
3627
3958
2593
7294
2922
869
7190
9983
1225
1235
5213
3609
6194
163
9120
1593
289
8041
651
5580
2533
4151
2865
2552
3617
9661
9992
9642
5339
5216
4298
7426
500
5407
996
8810
1775
8888
9071
3119
2594
9868
5851
8939
196
3661
4747
1803
7514
4440
3958
6468
9125
4739
3780
9840
2758
6458
9023
2884
2138
265
2870
6620
5580
9886
2957
1378
10000
4069
7045
5757
2042
7193
5875
2814
3147
5674
1143
5526
7029
7319
6224
4848
2746
7039
3399
3017
400
5341
7406
7700
7224
49
7761
3119
9737
9123
6495
680
8576
5008
1162
7010
1806
3786
3340
1106
9160
7794
196
9644
3406
531
7125
6992
7699
8576
4907
3241
7887
2352
2330
1967
2263
1225
2508
9845
5512
5865
5340
5945
4310
6771
7731
1467
3474
5341
3902
1687
5815
5525
3784
2681
4794
2162
7829
6687
2384
1799
4091
721
2876
6819
3463
4698
4659
1674
1017
8154
636
4522
5771
5434
3340
9183
3879
5497
8214
2876
4575
6550
1168
9663
3347
8888
7900
4030
5306
6680
3571
8177
6049
3860
9279
8311
6139
4925
77
9663
2024
4969
9600
2217
241
4356
2385
3744
4593
544
9136
2799
7761
2658
9179
2367
9833
6569
5358
6638
2312
2017
7314
4138
1068
7109
4320
9634
3556
7133
492
2758
6030
3692
9189
598
8377
5001
549
9592
141
6622
5609
6733
5813
5528
6224
7333
6578
2571
9865
3626
4091
636
5421
4364
2367
8630
4661
3786
790
2513
4876
2403
9613
9575
1362
5535
3283
5980
2042
5696
6055
141
8696
7612
4548
9874
4568
9353
9033
5893
9989
1831
7466
5635
7682
3060
8307
3334
6860
925
7378
2864
9931
1592
9002
5008
1440
1050
4661
4908
6819
5103
7707
9202
4747
9899
8214
8936
1342
3347
9093
9358
7818
4111
7010
7133
9564
163
2014
3667
5571
1377
750
6712
6896
4177
9279
5313
2094
6712
4845
2372
9774
8041
2846
8924
5522
4254
77
7109
4496
7853
819
8875
5188
4764
4738
500
5962
6554
6620
6629
4317
9452
943
9617
5268
4101
4738
3358
7267
5590
3734
5046
7190
9491
4518
5282
3406
4421
773
8412
4497
7452
8447
9575
6860
8507
8214
5512
7868
7868
9904
7360
6614
3865
7191
5000
8630
2048
2372
2407
773
2217
2396
1593
5048
2572
6542
4456
8898
2011
8633
9837
1162
9566
4859
455
7761
5757
5635
9123
5526
6196
636
2048
6064
2760
6758
7259
8647
8629
7844
2576
4762
2846
3121
869
2081
4737
3429
6680
968
6530
5872
3519
3571
989
6055
6257
610
7569
9358
9486
7829
1765
7190
1884
7473
5046
5786
9370
5306
3571
2042
5008
2816
7499
6403
7237
6569
7319
7875
4472
5306
6196
7466
8177
987
1032
574
6955
4640
7133
35
1552
6202
9120
7241
6196
8316
8487
5993
2853
3608
9189
977
5013
1716
8010
6377
7257
27
6286
2403
8200
680
1593
1989
6337
7904
864
3147
1448
2578
6530
8881
8578
6964
1166
3566
6289
5232
2962
5679
5690
4132
8939
7125
8729
31
204
1252
989
4759
2571
9136
629
6933
6206
4420
1377
1725
6338
6107
9008
3902
714
8633
3550
2217
6237
1433
4859
3704
6060
3950
878
1448
5843
7403
1098
70
1687
467
6819
9805
9644
3678
9066
629
587
4472
8995
1292
3446
7029
3620
2907
4859
6665
932
7947
8177
2846
554
1789
8550
1174
8141
7271
8301
1195
7868
9992
7558
4497
8936
4398
1838
4961
3159
4802
9073
6107
8824
2535
4759
9023
1869
2368
4574
701
4760
5526
5528
8173
6366
2876
9452
610
8316
9538
3764
7668
2416
1254
7978
5696
762
2414
2330
6286
7832
7836
3344
1359
5888
1055
6252
2455
6168
6458
2161
4126
797
6578
2407
1236
1884
3549
428
9678
9634
6733
8412
3744
5941
623
7314
7129
4342
7009
2674
61
7802
1940
9103
872
9122
429
4738
4111
9508
574
2081
979
4960
6665
5434
1729
455
8417
8584
8041
4659
7568
8565
480
9008
9597
9874
4553
3572
6687
492
2138
4217
2603
3609
5947
4568
5945
2499
7978
9950
557
1746
932
5424
5714
5888
9617
429
7552
8504
5528
3586
979
8410
6569
8808
2846
9725
4041
3399
222
4787
8311
7351
1765
4760
7888
806
4802
4254
2638
5786
4522
4433
7668
2758
2533
6578
7731
3425
4173
2014
9335
4442
3734
3852
6242
8493
997
4637
289
4646
7947
1247
455
9661
3665
2954
970
3519
4747
1448
1746
7257
5714
923
7426
2589
3322
3458
3441
9878
7109
3885
4961
7466
1377
5861
9002
8801
6404
9103
5306
8737
872
7943
4582
7436
1433
7029
244
5113
557
4440
9983
3213
7667
680
8173
9273
157
6030
1359
9613
4682
70
9189
3572
5526
7808
7191
4221
5388
6766
2658
5434
8508
805
8487
2876
4754
3044
9685
5714
1247
8212
8316
1143
5824
3080
163
418
4660
806
9019
4659
3969
1828
4126
1235
968
9639
1884
5696
1342
2537
5184
7472
5924
2748
4254
5528
5535
763
7868
5185
5046
1225
169
8427
3566
6261
1505
2017
4637
8658
4188
2419
8013
5389
6261
1729
2126
61
2523
385
9007
2958
3462
6446
5000
9874
4182
5053
5526
9688
5282
8338
6733
3754
1148
9460
2126
9725
8715
3322
5165
500
2854
6444
6727
3538
5035
9530
1258
6697
3463
4787
1208
2138
9033
2995
9535
8177
7875
6400
3419
2541
2748
6474
3159
2954
5117
3873
3434
110
4740
8366
3617
108
9837
6896
6175
1171
4080
4787
8386
7536
1032
5633
2042
3608
4364
8890
9886
6474
3874
2658
4030
7818
8464
3924
7115
537
6096
8546
7800
5481
2907
1515
5307
925
1667
4421
206
8279
8461
4454
3559
4254
9486
7816
6382
2932
2519
5408
6128
9010
9071
3441
5986
4969
3399
2081
688
8833
1319
1568
4821
4398
2014
2809
5479
7957
6858
5268
3686
390
3358
3608
655
6249
5481
5525
6554
5580
1365
8715
6329
6629
9750
1230
4266
694
141
7957
5499
7
2386
9628
6224
6685
8810
3116
6592
3388
2126
1168
8013
375
4802
7154
9774
3559
3632
2944
5793
1775
9672
8451
1940
2746
9661
5344
5216
8531
3133
1148
8433
4682
2217
3463
2012
1077
2075
9071
531
3114
5815
1010
2658
6809
1225
5117
2546
2721
3689
9737
6429
4063
5572
4597
9987
6346
5306
624
1698
2276
9179
4794
5757
5103
6897
9535
7333
7829
4155
750
1414
5367
8173
6933
8085
790
9682
7808
7106
3800
4050
7506
8512
1166
5351
3586
2513
2603
7824
2345
6179
1689
6249
9279
6548
4640
3610
1068
9819
9101
3339
3419
1136
4433
7036
7990
2013
3661
2403
5209
872
1822
3566
2704
9452
1694
8647
2638
2907
4787
41
5117
77
1588
9174
2681
7
5154
4428
3159
7558
7271
4802
1260
2538
3665
4698
2022
6435
